0 -0.025000 0.000000
1 0.025000 0.000000
2 0.075000 0.000000
3 0.125000 0.000000
4 0.175000 0.000000
5 0.225000 0.000000
6 0.275000 0.000000
7 0.325000 0.000000
8 0.375000 0.000000
9 0.425000 0.000000
10 0.475000 0.000000
11 0.525000 0.000000
12 0.575000 0.000000
13 0.625000 0.000000
14 0.675000 0.000000
15 0.725000 0.000000
16 0.775000 0.000000
17 0.825000 0.000000
18 0.875000 0.000000
19 0.925000 8.000000
20 0.975000 27.000000
21 1.025000 90.000000
22 1.075000 187.000000
23 1.125000 302.000000
24 1.175000 394.000000
25 1.225000 465.000000
26 1.275000 571.000000
27 1.325000 674.000000
28 1.375000 697.000000
29 1.425000 793.000000
30 1.475000 875.000000
31 1.525000 918.000000
32 1.575000 962.000000
33 1.625000 940.000000
34 1.675000 974.000000
35 1.725000 1004.000000
36 1.775000 1012.000000
37 1.825000 1010.000000
38 1.875000 1006.000000
39 1.925000 971.000000
40 1.975000 1010.000000
41 2.025000 919.000000
42 2.075000 970.000000
43 2.125000 956.000000
44 2.175000 904.000000
45 2.225000 894.000000
46 2.275000 859.000000
47 2.325000 774.000000
48 2.375000 796.000000
49 2.425000 749.000000
50 2.475000 797.000000
51 2.525000 706.000000
52 2.575000 729.000000
53 2.625000 658.000000
54 2.675000 658.000000
55 2.725000 620.000000
56 2.775000 600.000000
57 2.825000 558.000000
58 2.875000 515.000000
59 2.925000 521.000000
60 2.975000 520.000000
61 3.025000 439.000000
62 3.075000 460.000000
63 3.125000 424.000000
64 3.175000 377.000000
65 3.225000 407.000000
66 3.275000 355.000000
67 3.325000 315.000000
68 3.375000 358.000000
69 3.425000 310.000000
70 3.475000 312.000000
71 3.525000 269.000000
72 3.575000 260.000000
73 3.625000 222.000000
74 3.675000 230.000000
75 3.725000 209.000000
76 3.775000 211.000000
77 3.825000 221.000000
78 3.875000 207.000000
79 3.925000 175.000000
80 3.975000 155.000000
81 4.025000 160.000000
82 4.075000 161.000000
83 4.125000 150.000000
84 4.175000 135.000000
85 4.225000 133.000000
86 4.275000 117.000000
87 4.325000 108.000000
88 4.375000 96.000000
89 4.425000 96.000000
90 4.475000 84.000000
91 4.525000 66.000000
92 4.575000 70.000000
93 4.625000 84.000000
94 4.675000 65.000000
95 4.725000 56.000000
96 4.775000 58.000000
97 4.825000 64.000000
98 4.875000 52.000000
99 4.925000 53.000000
100 4.975000 48.000000
101 5.025000 46.000000
102 5.075000 47.000000
103 5.125000 46.000000
104 5.175000 33.000000
105 5.225000 46.000000
106 5.275000 33.000000
107 5.325000 28.000000
108 5.375000 34.000000
109 5.425000 29.000000
110 5.475000 41.000000
111 5.525000 33.000000
112 5.575000 17.000000
113 5.625000 15.000000
114 5.675000 18.000000
115 5.725000 26.000000
116 5.775000 12.000000
117 5.825000 14.000000
118 5.875000 5.000000
119 5.925000 12.000000
120 5.975000 12.000000
121 6.025000 12.000000
122 6.075000 15.000000
123 6.125000 8.000000
124 6.175000 8.000000
125 6.225000 10.000000
126 6.275000 4.000000
127 6.325000 13.000000
128 6.375000 11.000000
129 6.425000 7.000000
130 6.475000 10.000000
131 6.525000 5.000000
132 6.575000 6.000000
133 6.625000 4.000000
134 6.675000 4.000000
135 6.725000 4.000000
136 6.775000 2.000000
137 6.825000 1.000000
138 6.875000 1.000000
139 6.925000 2.000000
140 6.975000 3.000000
141 7.025000 0.000000
142 7.075000 6.000000
143 7.125000 2.000000
144 7.175000 1.000000
145 7.225000 3.000000
146 7.275000 1.000000
147 7.325000 0.000000
148 7.375000 2.000000
149 7.425000 1.000000
150 7.475000 2.000000
151 7.525000 0.000000
152 7.575000 1.000000
153 7.625000 1.000000
154 7.675000 2.000000
155 7.725000 0.000000
156 7.775000 2.000000
157 7.825000 1.000000
158 7.875000 1.000000
159 7.925000 0.000000
160 7.975000 3.000000
161 8.025000 0.000000
162 8.075000 0.000000
163 8.125000 1.000000
164 8.175000 1.000000
165 8.225000 1.000000
166 8.275000 0.000000
167 8.325000 0.000000
168 8.375000 0.000000
169 8.425000 0.000000
170 8.475000 0.000000
171 8.525000 0.000000
172 8.575000 0.000000
173 8.625000 1.000000
174 8.675000 1.000000
175 8.725000 0.000000
176 8.775000 0.000000
177 8.825000 0.000000
178 8.875000 0.000000
179 8.925000 0.000000
180 8.975000 0.000000
181 9.025000 0.000000
182 9.075000 0.000000
183 9.125000 0.000000
184 9.175000 0.000000
185 9.225000 0.000000
186 9.275000 0.000000
187 9.325000 0.000000
188 9.375000 0.000000
189 9.425000 0.000000
190 9.475000 0.000000
191 9.525000 0.000000
192 9.575000 0.000000
193 9.625000 0.000000
194 9.675000 0.000000
195 9.725000 0.000000
196 9.775000 0.000000
197 9.825000 0.000000
198 9.875000 0.000000
199 9.925000 0.000000
0.000000 0.000000 0.000000 0.000000 0.000000 0.000000 0.000000 0.000000 0.000000 0.000000 0.000000 0.000000 0.000000 0.000000 0.000000 0.000000 0.000000 0.000000 0.000000 8.000000 27.000000 90.000000 187.000000 302.000000 394.000000 465.000000 571.000000 674.000000 697.000000 793.000000 875.000000 918.000000 962.000000 940.000000 974.000000 1004.000000 1012.000000 1010.000000 1006.000000 971.000000 1010.000000 919.000000 970.000000 956.000000 904.000000 894.000000 859.000000 774.000000 796.000000 749.000000 797.000000 706.000000 729.000000 658.000000 658.000000 620.000000 600.000000 558.000000 515.000000 521.000000 520.000000 439.000000 460.000000 424.000000 377.000000 407.000000 355.000000 315.000000 358.000000 310.000000 312.000000 269.000000 260.000000 222.000000 230.000000 209.000000 211.000000 221.000000 207.000000 175.000000 155.000000 160.000000 161.000000 150.000000 135.000000 133.000000 117.000000 108.000000 96.000000 96.000000 84.000000 66.000000 70.000000 84.000000 65.000000 56.000000 58.000000 64.000000 52.000000 53.000000 48.000000 46.000000 47.000000 46.000000 33.000000 46.000000 33.000000 28.000000 34.000000 29.000000 41.000000 33.000000 17.000000 15.000000 18.000000 26.000000 12.000000 14.000000 5.000000 12.000000 12.000000 12.000000 15.000000 8.000000 8.000000 10.000000 4.000000 13.000000 11.000000 7.000000 10.000000 5.000000 6.000000 4.000000 4.000000 4.000000 2.000000 1.000000 1.000000 2.000000 3.000000 0.000000 6.000000 2.000000 1.000000 3.000000 1.000000 0.000000 2.000000 1.000000 2.000000 0.000000 1.000000 1.000000 2.000000 0.000000 2.000000 1.000000 1.000000 0.000000 3.000000 0.000000 0.000000 1.000000 1.000000 1.000000 0.000000 0.000000 0.000000 0.000000 0.000000 0.000000 0.000000 1.000000 1.000000 0.000000 0.000000 0.000000 0.000000 0.000000 0.000000 0.000000 0.000000 0.000000 0.000000 0.000000 0.000000 0.000000 0.000000 0.000000 0.000000 0.000000 0.000000 0.000000 0.000000 0.000000 0.000000 0.000000 0.000000 0.000000 