0.000000 -0.120000
1.601564 3.000000
3.203128 6.921053
4.804692 10.270732
6.406256 14.062000
8.007820 17.710000
9.609384 21.500000
11.210948 25.308000
12.812512 29.646000
14.414076 32.916000
16.015640 37.472000
17.617204 40.982000
19.218768 43.530000
20.820332 47.560000
22.421896 51.310000
24.023460 55.646000
25.625024 59.400000
27.226588 61.540000
28.828152 66.616000
30.429717 70.070000
32.031281 74.246000
33.632845 78.888000
35.234409 83.096000
36.835973 87.156000
38.437537 90.438000
40.039101 93.930000
41.640665 98.724000
43.242229 102.762000
44.843793 106.974000
46.445357 109.656000
48.046921 114.886000
49.648485 118.128000
51.250049 121.460000
52.851613 125.014000
54.453177 130.192000
56.054741 133.790000
57.656305 137.278000
59.257869 142.030000
60.859433 146.402000
62.460997 149.752000
64.062561 153.438000
65.664125 158.126000
67.265689 161.980000
68.867253 165.616000
70.468817 169.364000
72.070381 172.466000
73.671945 176.606000
75.273509 180.334000
76.875073 184.192000
78.476637 189.304000
80.078201 193.142000
81.679765 197.100000
83.281329 200.942000
84.882893 204.526000
86.484457 209.010000
88.086022 213.034000
89.687586 216.824000
91.289150 220.768000
92.890714 225.206000
94.492278 229.628000
96.093842 233.442000
97.695406 236.416000
99.296970 240.294000
100.898534 244.526000
102.500098 248.360000
104.101662 252.762000
105.703226 256.064000
107.304790 260.228000
108.906354 264.338000
110.507918 268.712000
112.109482 272.324000
113.711046 276.866000
115.312610 281.092000
116.914174 283.928000
118.515738 288.166000
120.117302 292.686000
121.718866 296.006000
123.320430 300.054000
124.921994 303.430000
126.523558 307.992000
128.125122 311.978000
129.726686 315.668000
131.328250 319.532000
132.929814 323.646000
134.531378 326.906000
136.132942 331.238000
137.734506 335.918000
139.336070 339.892000
140.937634 343.296000
142.539198 347.554000
144.140762 351.078000
145.742326 355.774000
147.343891 359.342000
148.945455 362.694000
150.547019 366.458000
152.148583 370.492000
153.750147 374.396000
155.351711 377.812000
156.953275 381.924000
158.554839 386.220000
160.156403 389.746000
161.757967 394.416000
163.359531 398.796000
164.961095 401.992000
166.562659 406.526000
168.164223 410.162000
169.765787 413.840000
171.367351 417.872000
172.968915 422.350000
174.570479 425.468000
176.172043 429.226000
177.773607 432.974000
179.375171 437.426000
180.976735 441.030000
182.578299 444.780000
184.179863 449.408000
185.781427 452.782000
187.382991 457.220000
188.984555 460.572000
190.586119 465.414000
192.187683 469.532000
193.789247 472.330000
195.390811 476.926000
196.992375 480.496000
198.593939 484.950000
200.195503 488.068000
201.797067 492.380000
203.398631 495.436000
205.000196 499.794000
206.601760 503.710000
208.203324 508.170000
209.804888 512.026000
211.406452 516.216000
213.008016 520.216000
214.609580 524.302000
216.211144 527.930000
217.812708 532.684000
219.414272 535.782000
221.015836 533.612000
222.617400 544.816000
224.218964 548.286000
225.820528 552.112000
227.422092 555.710000
229.023656 559.144000
230.625220 562.610000
232.226784 567.558000
233.828348 570.754000
235.429912 575.182000
237.031476 578.806000
238.633040 583.100000
240.234604 587.122000
241.836168 591.618000
243.437732 595.134000
245.039296 598.708000
246.640860 603.088000
248.242424 606.728000
249.843988 610.532000
251.445552 614.864000
253.047116 618.352000
254.648680 622.360000
256.250244 625.906000
257.851808 630.554000
259.453372 634.208000
261.054936 637.994000
262.656500 641.324000
264.258065 644.962000
265.859629 649.954000
267.461193 654.806000
269.062757 658.288000
270.664321 662.882000
272.265885 665.472000
273.867449 670.198000
275.469013 674.282000
277.070577 679.464000
278.672141 682.410000
280.273705 684.902000
281.875269 689.486000
283.476833 694.446000
285.078397 698.012000
286.679961 701.158000
288.281525 704.888000
289.883089 709.402000
291.484653 714.162000
293.086217 718.262000
294.687781 721.746000
296.289345 725.892000
297.890909 730.030000
299.492473 734.462000
301.094037 738.684000
302.695601 742.536000
304.297165 745.884000
305.898729 748.842000
307.500293 753.198000
309.101857 757.022000
310.703421 761.160000
312.304985 764.950000
313.906549 768.468000
315.508113 773.274000
317.109677 777.762000
318.711241 780.880000
320.312805 785.392000
321.914370 790.002000
323.515934 793.982000
325.117498 797.818000
326.719062 801.148000
328.320626 805.718000
329.922190 810.274000
331.523754 813.508000
333.125318 816.056000
334.726882 819.918000
336.328446 825.240000
337.930010 828.476000
339.531574 832.704000
341.133138 837.340000
342.734702 840.418000
344.336266 845.412000
345.937830 849.986000
347.539394 852.898000
349.140958 857.538000
350.742522 860.748000
352.344086 865.396000
353.945650 868.776000
355.547214 873.436000
357.148778 876.922000
358.750342 880.732000
360.351906 885.000000
361.953470 888.728000
363.555034 892.778000
365.156598 896.068000
366.758162 900.856000
368.359726 904.832000
369.961290 909.754000
371.562854 913.808000
373.164418 917.442000
374.765982 921.950000
376.367546 925.520000
377.969110 930.084000
379.570674 934.076000
381.172239 937.332000
382.773803 940.896000
384.375367 945.486000
385.976931 948.730000
387.578495 953.400000
389.180059 956.658000
390.781623 961.086000
392.383187 964.430000
393.984751 968.794000
395.586315 973.336000
397.187879 977.452000
398.789443 981.676000
400.391007 985.896000
401.992571 989.544000
403.594135 993.356000
405.195699 997.284000
406.797263 1001.104000
408.398827 1005.812000
410.000391 1009.492000
411.601955 1012.802000
413.203519 1016.602000
414.805083 1020.598000
416.406647 1024.322000
418.008211 1028.442000
419.609775 1033.526000
421.211339 1036.520000
422.812903 1041.180000
424.414467 1045.528000
426.016031 1050.026000
427.617595 1054.114000
429.219159 1057.414000
430.820723 1061.414000
432.422287 1065.910000
434.023851 1069.564000
435.625415 1072.630000
437.226979 1077.104000
438.828543 1081.350000
440.430108 1085.162000
442.031672 1089.530000
443.633236 1093.058000
445.234800 1097.326000
446.836364 1102.102000
448.437928 1105.918000
450.039492 1110.016000
451.641056 1113.210000
453.242620 1118.726000
454.844184 1122.208000
456.445748 1125.490000
458.047312 1129.762000
459.648876 1133.404000
461.250440 1137.442000
462.852004 1141.558000
464.453568 1145.932000
466.055132 1149.586000
467.656696 1153.624000
469.258260 1157.830000
470.859824 1161.850000
472.461388 1165.998000
474.062952 1169.982000
475.664516 1175.250000
477.266080 1178.998000
478.867644 1182.380000
480.469208 1186.626000
482.070772 1190.752000
483.672336 1194.492000
485.273900 1197.690000
486.875464 1202.424000
488.477028 1205.732000
490.078592 1209.724000
491.680156 1213.418000
493.281720 1217.462000
494.883284 1222.494000
496.484848 1226.396000
498.086413 1230.534000
499.687977 1233.796000
501.289541 1238.724000
502.891105 1242.754000
504.492669 1247.210000
506.094233 1250.522000
507.695797 1255.200000
509.297361 1258.346000
510.898925 1262.570000
512.500489 1266.468000
514.102053 1270.938000
515.703617 1274.398000
517.305181 1279.024000
518.906745 1283.030000
520.508309 1286.878000
522.109873 1290.990000
523.711437 1294.434000
525.313001 1299.584000
526.914565 1303.330000
528.516129 1307.434000
530.117693 1311.086000
531.719257 1315.218000
533.320821 1320.152000
534.922385 1323.500000
536.523949 1327.038000
538.125513 1330.334000
539.727077 1334.622000
541.328641 1338.798000
542.930205 1342.672000
544.531769 1346.804000
546.133333 1350.896000
547.734897 1354.478000
549.336461 1359.074000
550.938025 1363.362000
552.539589 1367.720000
554.141153 1371.598000
555.742717 1375.098000
557.344282 1379.138000
558.945846 1383.862000
560.547410 1387.052000
562.148974 1390.818000
563.750538 1395.334000
565.352102 1398.776000
566.953666 1402.544000
568.555230 1406.592000
570.156794 1410.420000
571.758358 1415.164000
573.359922 1419.300000
574.961486 1423.458000
576.563050 1427.386000
578.164614 1432.014000
579.766178 1436.192000
581.367742 1440.052000
582.969306 1443.694000
584.570870 1448.304000
586.172434 1451.832000
587.773998 1455.344000
589.375562 1459.620000
590.977126 1463.384000
592.578690 1467.296000
594.180254 1471.498000
595.781818 1474.868000
597.383382 1479.012000
598.984946 1484.174000
600.586510 1487.666000
602.188074 1492.094000
603.789638 1496.194000
605.391202 1500.300000
606.992766 1503.968000
608.594330 1507.962000
610.195894 1511.872000
611.797458 1515.564000
613.399022 1519.554000
615.000587 1522.586000
616.602151 1527.070000
618.203715 1531.124000
619.805279 1535.484000
621.406843 1538.984000
623.008407 1543.452000
624.609971 1547.766000
626.211535 1552.410000
627.813099 1556.032000
629.414663 1560.216000
631.016227 1544.474000
632.617791 1567.460000
634.219355 1573.066000
635.820919 1576.398000
637.422483 1580.136000
639.024047 1582.596000
640.625611 1587.420000
642.227175 1591.340000
643.828739 1596.490000
645.430303 1599.532000
647.031867 1603.780000
648.633431 1607.436000
650.234995 1610.876000
651.836559 1615.776000
653.438123 1620.818000
655.039687 1624.024000
656.641251 1628.236000
658.242815 1631.714000
659.844379 1635.614000
661.445943 1639.850000
663.047507 1643.526000
664.649071 1647.758000
666.250635 1630.532000
667.852199 1655.656000
669.453763 1659.726000
671.055327 1663.710000
672.656891 1667.752000
674.258456 1670.966000
675.860020 1675.300000
677.461584 1679.972000
679.063148 1684.526000
680.664712 1688.844000
682.266276 1692.238000
683.867840 1696.316000
685.469404 1700.686000
687.070968 1704.428000
688.672532 1707.718000
690.274096 1711.118000
691.875660 1715.772000
693.477224 1718.924000
695.078788 1723.280000
696.680352 1727.912000
698.281916 1732.214000
699.883480 1735.430000
701.485044 1739.536000
703.086608 1743.720000
704.688172 1748.002000
706.289736 1730.288000
707.891300 1756.446000
709.492864 1759.978000
711.094428 1765.228000
712.695992 1768.458000
714.297556 1771.670000
715.899120 1775.722000
717.500684 1779.276000
719.102248 1783.526000
720.703812 1787.236000
722.305376 1791.390000
723.906940 1794.998000
725.508504 1798.946000
727.110068 1804.248000
728.711632 1808.432000
730.313196 1812.030000
731.914761 1816.156000
733.516325 1820.220000
735.117889 1823.930000
736.719453 1828.524000
738.321017 1831.796000
739.922581 1836.070000
741.524145 1839.632000
743.125709 1843.582000
744.727273 1847.362000
746.328837 1851.916000
747.930401 1855.498000
749.531965 1858.864000
751.133529 1863.404000
752.735093 1867.838000
754.336657 1872.286000
755.938221 1876.408000
757.539785 1880.124000
759.141349 1883.286000
760.742913 1888.296000
762.344477 1892.996000
763.946041 1895.662000
765.547605 1899.566000
767.149169 1903.332000
768.750733 1906.834000
770.352297 1912.046000
771.953861 1915.502000
773.555425 1919.204000
775.156989 1923.564000
776.758553 1927.598000
778.360117 1932.436000
779.961681 1935.550000
781.563245 1940.286000
783.164809 1944.244000
784.766373 1923.530000
786.367937 1951.610000
787.969501 1955.446000
789.571065 1959.322000
791.172630 1963.246000
792.774194 1966.480000
794.375758 1971.504000
795.977322 1975.206000
797.578886 1979.632000
799.180450 1982.948000
800.782014 1987.320000
802.383578 1990.238000
803.985142 1995.206000
805.586706 1999.572000
807.188270 2003.110000
808.789834 2007.660000
810.391398 2011.246000
811.992962 2015.874000
813.594526 2019.420000
815.196090 2022.760000
816.797654 2027.216000
818.399218 2031.064000
