0.000000 -3.998246 1.426000
0.416407 -3.303959 66.224000
0.832813 -2.697672 131.110000
1.249220 -1.431386 195.336000
1.665627 -1.077099 260.474000
2.082033 -0.062812 324.952000
2.498440 -0.106526 390.488000
2.914847 0.061761 455.812000
3.331253 0.518048 520.848000
3.747660 0.338334 586.520000
4.164066 0.748621 651.602000
4.580473 0.398907 717.444000
4.996880 0.191194 783.144000
5.413286 0.845481 847.982000
5.829693 0.533767 913.786000
6.246100 1.116054 978.696000
6.662506 1.128341 1044.176000
7.078913 1.300627 1109.496000
7.495320 1.482914 1174.806000
7.911726 1.779201 1240.002000
8.328133 0.855487 1306.418000
8.744540 1.261774 1371.504000
9.160946 1.332060 1436.926000
9.577353 0.962347 1502.788000
9.993760 0.322634 1568.920000
10.410166 0.822920 1633.912000
10.826573 0.105207 1700.122000
11.242979 0.161494 1765.558000
11.659386 0.799780 1830.412000
12.075793 -0.663933 1897.368000
12.492199 -0.305646 1962.502000
12.908606 -0.503360 2028.192000
13.325013 0.274927 2092.906000
13.741419 -1.190787 2159.864000
14.157826 -1.064500 2225.230000
14.574233 -0.898213 2290.556000
14.990639 -1.379927 2356.530000
15.407046 -1.075640 2421.718000
15.823453 -1.015353 2487.150000
16.239859 -0.565067 2552.192000
