0.000000 -3.468000
0.083281 8.762000
0.166563 21.462000
0.249844 35.668000
0.333125 47.226000
0.416407 60.904000
0.499688 74.258000
0.582969 87.074000
0.666251 99.452000
0.749532 113.654000
0.832813 126.032000
0.916095 138.338000
0.999376 151.904000
1.082657 165.440000
1.165939 178.382000
1.249220 191.424000
1.332501 204.298000
1.415783 217.506000
1.499064 230.522000
1.582345 243.860000
1.665627 257.314000
1.748908 269.250000
1.832189 282.494000
1.915471 296.174000
1.998752 308.724000
2.082033 322.250000
2.165315 334.188000
2.248596 347.698000
2.331877 360.634000
2.415159 374.210000
2.498440 386.938000
2.581721 398.954000
2.665003 413.038000
2.748284 425.824000
2.831565 439.492000
2.914847 452.068000
2.998128 464.752000
3.081409 478.968000
3.164691 491.292000
3.247972 504.994000
3.331253 517.386000
3.414535 530.274000
3.497816 544.082000
3.581097 557.100000
3.664378 570.248000
3.747660 582.786000
3.830941 595.582000
3.914222 609.564000
3.997504 622.382000
4.080785 636.214000
4.164066 648.290000
4.247348 661.464000
4.330629 674.022000
4.413910 687.830000
4.497192 700.576000
4.580473 713.626000
4.663754 726.192000
4.747036 740.050000
4.830317 753.310000
4.913598 767.120000
4.996880 779.330000
5.080161 792.694000
5.163442 806.088000
5.246724 818.904000
5.330005 832.222000
5.413286 843.734000
5.496568 857.984000
5.579849 871.280000
5.663130 884.778000
5.746412 897.458000
5.829693 909.906000
5.912974 923.358000
5.996256 936.210000
6.079537 950.266000
6.162818 962.362000
6.246100 975.166000
6.329381 988.030000
6.412662 1001.246000
6.495944 1014.222000
6.579225 1027.348000
6.662506 1040.238000
6.745788 1053.682000
6.829069 1066.902000
6.912350 1079.104000
6.995632 1092.854000
7.078913 1105.100000
7.162194 1119.294000
7.245476 1131.354000
7.328757 1144.266000
7.412038 1158.468000
7.495320 1171.966000
7.578601 1184.690000
7.661882 1198.004000
7.745164 1209.834000
7.828445 1223.582000
7.911726 1236.568000
7.995008 1250.846000
8.078289 1263.626000
8.161570 1276.720000
8.244852 1288.952000
8.328133 1302.634000
8.411414 1315.740000
8.494696 1329.350000
8.577977 1341.614000
8.661258 1354.646000
8.744540 1367.236000
8.827821 1381.024000
8.911102 1394.452000
8.994384 1406.688000
9.077665 1420.258000
9.160946 1433.314000
9.244228 1445.874000
9.327509 1460.254000
9.410790 1472.954000
9.494072 1485.570000
9.577353 1499.240000
9.660634 1511.826000
9.743916 1525.240000
9.827197 1520.014000
9.910478 1550.884000
9.993760 1564.336000
10.077041 1576.916000
10.160322 1590.514000
10.243604 1603.334000
10.326885 1617.010000
10.410166 1628.810000
10.493448 1642.406000
10.576729 1655.798000
10.660010 1668.918000
10.743291 1683.178000
10.826573 1696.474000
10.909854 1708.840000
10.993135 1721.994000
11.076417 1735.652000
11.159698 1748.272000
11.242979 1762.204000
11.326261 1774.448000
11.409542 1787.650000
11.492823 1799.478000
11.576105 1813.364000
11.659386 1826.558000
11.742667 1840.470000
11.825949 1852.834000
11.909230 1865.686000
11.992511 1879.640000
12.075793 1892.868000
12.159074 1905.408000
12.242355 1918.360000
12.325637 1931.566000
12.408918 1945.384000
12.492199 1957.480000
12.575481 1970.852000
12.658762 1985.200000
12.742043 1997.434000
12.825325 2009.476000
12.908606 2023.330000
12.991887 2036.900000
13.075169 2049.594000
13.158450 2062.922000
13.241731 2075.838000
13.325013 2088.760000
13.408294 2101.984000
13.491575 2115.976000
13.574857 2128.492000
13.658138 2141.088000
13.741419 2154.480000
13.824701 2167.274000
13.907982 2180.526000
13.991263 2194.180000
14.074545 2206.602000
14.157826 2219.644000
14.241107 2232.934000
14.324389 2246.756000
14.407670 2259.618000
14.490951 2272.448000
14.574233 2284.816000
14.657514 2298.556000
14.740795 2311.542000
14.824077 2324.896000
14.907358 2337.590000
14.990639 2350.734000
15.073921 2363.810000
15.157202 2377.194000
15.240483 2390.136000
15.323765 2402.680000
15.407046 2416.104000
15.490327 2429.110000
15.573609 2442.586000
15.656890 2455.026000
15.740171 2467.828000
15.823453 2481.320000
15.906734 2494.660000
15.990015 2508.168000
16.073297 2521.152000
16.156578 2533.152000
16.239859 2546.938000
16.323141 2560.682000
16.406422 2573.554000
16.489703 2586.854000
16.572985 2599.084000
