0.000000 -0.644600 0.383333 -0.215538
16.015640 0.032434 39.098000 -0.215538
32.031281 1.406134 77.116000 -0.215538
48.046921 2.415835 115.498000 -0.215538
64.062561 3.003536 154.302000 -0.215538
80.078201 3.277236 193.420000 -0.215538
96.093842 2.096937 233.992000 -0.215538
112.109482 2.024638 273.456000 -0.215538
128.125122 1.258338 313.614000 -0.215538
144.140762 0.250039 354.014000 -0.215538
160.156403 0.535739 393.120000 -0.215538
176.172043 0.369440 432.678000 -0.215538
192.187683 -1.002859 473.442000 -0.215538
208.203324 -0.969159 512.800000 -0.215538
224.218964 -0.883458 552.106000 -0.215538
240.234604 -0.725758 591.340000 -0.215538
256.250244 -0.468057 630.474000 -0.215538
272.265885 -0.838356 670.236000 -0.215538
288.281525 -0.722656 709.512000 -0.215538
304.297165 -1.358955 749.540000 -0.215538
320.312805 -1.987255 789.560000 -0.215538
336.328446 -0.823554 827.788000 -0.215538
352.344086 -1.209853 867.566000 -0.215538
368.359726 -1.238153 906.986000 -0.215538
384.375367 -0.872452 946.012000 -0.215538
400.391007 -0.654752 985.186000 -0.215538
416.406647 -0.325051 1024.248000 -0.215538
432.422287 -0.823350 1064.138000 -0.215538
448.437928 -0.919650 1103.626000 -0.215538
464.453568 -0.485949 1142.584000 -0.215538
480.469208 -0.448248 1181.938000 -0.215538
496.484848 -0.052548 1220.934000 -0.215538
512.500489 -1.006847 1261.280000 -0.215538
528.516129 -1.117147 1300.782000 -0.215538
544.531769 0.380554 1338.676000 -0.215538
560.547410 -0.987745 1379.436000 -0.215538
576.563050 -0.554045 1418.394000 -0.215538
592.578690 -0.358344 1457.590000 -0.215538
608.594330 -0.664644 1497.288000 -0.215538
624.609971 -0.040943 1536.056000 -0.215538
640.625611 -0.283242 1575.690000 -0.215538
656.641251 -0.431542 1615.230000 -0.215538
672.656891 -0.355841 1654.546000 -0.215538
688.672532 -1.080141 1694.662000 -0.215538
704.688172 0.765560 1732.208000 -0.215538
720.703812 0.509261 1771.856000 -0.215538
736.719453 0.542961 1811.214000 -0.215538
752.735093 1.616662 1849.532000 -0.215538
768.750733 1.114362 1889.426000 -0.215538
784.766373 2.136063 1927.796000 -0.215538
800.782014 2.191764 1967.132000 -0.215538
816.797654 1.617464 2007.098000 -0.215538
